detail_angular_h: 0.10044986687338858
detail_angular_v: 0.2879135225273353
detail_epsilon_depth: 0.23423564944462175
event_M2: 2
event_M3: 1
event_M4: 6
event_N: 22
mcc_bwd_adaptive_dmax: 0.5128475204666734
mcc_bwd_adaptive_dmin: 0.05235594147214041
mcc_bwd_adaptive_dthr: 19.00003818243503
mcc_bwd_adaptive_kthr: 0.010007174928590122
mcc_eps_phi: 0.31446917546338
mcc_eps_theta: 0.508648691598901
mcc_fwd_adaptive_dmax: 0.38579005459192717
mcc_fwd_adaptive_dmin: 0.023502525292852086
mcc_fwd_adaptive_dthr: 16.351875360723966
mcc_fwd_adaptive_kthr: 0.014090539226833919
mcc_num_sweeps: 16
mcc_score_thresh: 0.7909659526948671
occ_adaptive_enabled: false
occ_epsilon_depth: 0.3790290669330467
test2_mcc_enabled: false
test3_mcc_enabled: false
