detail_angular_h: 0.05940026948358375
detail_angular_v: 0.2048204015421931
detail_epsilon_depth: 0.14826878260161566
event_N: 25
initial_pass_history_length: 21
initial_pass_min_occ_count: 2
mcc_bwd_adaptive_dmax: 0.7918325421217998
mcc_bwd_adaptive_dmin: 0.06991824146955489
mcc_bwd_adaptive_dthr: 15.160196158301222
mcc_bwd_adaptive_kthr: 0.010076348174897193
mcc_eps_phi: 0.38009185964853043
mcc_eps_theta: 1.208633106791256
mcc_fwd_adaptive_dmax: 0.22174890185787455
mcc_fwd_adaptive_dmin: 0.0292458753350036
mcc_fwd_adaptive_dthr: 19.04995379642549
mcc_fwd_adaptive_kthr: 0.033732873928987966
mcc_num_sweeps: 20
mcc_score_thresh: 0.8982942358152983
occ_adaptive_enabled: false
occ_epsilon_depth: 0.39971003614607453
parallel_motion_hist_len: 4
parallel_motion_mcc: true
perp_motion_hist_len: 5
perp_motion_mcc: false
